
[PARAMETERS]
WIDTH=512.000000
HEIGHT=512.000000
MARGIN=20
SCALE_FACTOR=15.687275
MAX_SIZE=1600
X_OFFSET=4271.815080
Z_OFFSET=3350.094553
DRAWING_SIZE=10
